192.14.0.0/24 | INSIDE

Subnet_A: 254 hosts
Subnet_B: 254 hosts
Subnet_C: 254 hosts
Subnet_D: 254 hosts

Subnet_A: 254hosts 2^8 == 256-2 == 254 | Mask = 32-8 == /24
Subnet_B: 254hosts 2^8 == 256-2 == 254 | Mask = 32-8 == /24
Subnet_C: 254hosts 2^8 == 256-2 == 254 | Mask = 32-8 == /24
Subnet_D: 254hosts 2^8 == 256-2 == 254 | Mask = 32-8 == /24

Subnet_A.address 	=	11000000.00001110.00000001.00000000 == 192.14.1.0
Subnet_A.mask 		=	11111111.11111111.11111111.00000000 == 255.255.255.0
Subnet_A.broadcast	=	11000000.00001110.00000001.11111111 == 192.14.1.255
Subnet_A.gateway 	=	11000000.00001110.00000001.00000001 == 192.14.1.1
Subnet_A.first_host 	=	11000000.00001110.00000001.00000010 == 192.14.1.2
Subnet_A.last_host 	=	11000000.00001110.00000001.11111110 == 192.14.1.254

Subnet_B.address 	=	11000000.00001110.00000010.00000000 == 192.14.2.0
Subnet_B.mask 		=	11111111.11111111.11111111.00000000 == 255.255.255.0
Subnet_B.broadcast	=	11000000.00001110.00000010.11111111 == 192.14.2.255
Subnet_B.gateway 	=	11000000.00001110.00000010.00000001 == 192.14.2.1
Subnet_B.first_host 	=	11000000.00001110.00000010.00000010 == 192.14.2.2
Subnet_B.last_host 	=	11000000.00001110.00000010.11111110 == 192.14.2.254

Subnet_C.address 	=	11000000.00001110.00000011.00000000 == 192.14.3.0
Subnet_C.mask 		=	11111111.11111111.11111111.00000000 == 255.255.255.0
Subnet_C.broadcast	=	11000000.00001110.00000011.11111111 == 192.14.3.255
Subnet_C.gateway 	=	11000000.00001110.00000011.00000001 == 192.14.3.1
Subnet_C.first_host 	=	11000000.00001110.00000011.00000010 == 192.14.3.2
Subnet_C.last_host 	=	11000000.00001110.00000011.11111110 == 192.14.3.254

Subnet_D.address 	=	11000000.00001110.00000100.00000000 == 192.14.4.0
Subnet_D.mask 		=	11111111.11111111.11111111.00000000 == 255.255.255.0
Subnet_D.broadcast	=	11000000.00001110.00000100.11111111 == 192.14.4.255
Subnet_D.gateway 	=	11000000.00001110.00000100.00000001 == 192.14.4.1
Subnet_D.first_host 	=	11000000.00001110.00000100.00000010 == 192.14.4.2
Subnet_D.last_host 	=	11000000.00001110.00000100.11111110 == 192.14.4.254